#user probabilities: user 0: 0.1816921680932 user 1: 0.39910270367081 user 2: 0.16799641536264 user 3: 0.17468286244473 user 4: 0.076525850428619
1 5 10 16 2 
17 12 24 2 16 
0 6 13 1 19 
14 88 18 19 37 
7 9 1 1 0 
33 30 41 12 10 
18 19 18 4 7 
34 0 27 18 2 
12 29 7 3 26 
3 37 23 36 15 
20 8 1 24 8 
1 26 4 1 7 
19 27 1 9 1 
8 10 1 5 3 
4 41 0 14 2 
28 35 57 16 23 
14 12 2 15 6 
13 28 2 24 26 
10 17 13 10 2 
17 83 10 21 5 
20 1 3 20 19 
5 20 12 5 7 
7 60 27 11 16 
4 4 8 6 1 
5 37 14 39 8 
22 20 7 6 9 
18 3 10 36 37 
5 6 11 30 12 
59 7 10 25 34 
4 2 2 15 9 
3 1 6 24 67 
21 19 14 3 0 
2 54 2 16 32 
1 0 2 14 36 
19 20 4 5 11 
2 14 14 4 4 
2 11 4 9 5 
5 6 45 38 10 
59 2 8 2 24 
6 5 23 9 34 
20 6 11 0 13 
2 4 2 20 9 
7 52 38 15 8 
4 102 17 4 41 
4 5 1 15 7 
29 1 12 16 12 
10 12 27 2 10 
9 5 16 13 1 
3 1 0 2 20 
8 10 18 3 16 
17 10 31 18 2 
5 19 3 29 7 
21 10 28 14 11 
7 3 21 2 22 
28 8 24 27 10 
13 8 37 6 11 
13 2 47 10 28 
2 33 9 5 19 
34 2 2 21 21 
17 5 34 9 7 
18 9 17 11 5 
4 4 12 3 13 
3 32 15 2 7 
12 6 3 1 12 
44 1 15 2 27 
8 33 1 6 6 
9 2 18 3 18 
1 12 35 14 17 
11 35 10 4 0 
33 32 4 2 41 
26 2 52 10 4 
25 0 1 35 7 
8 10 10 3 15 
4 5 2 3 42 
27 24 21 6 106 
23 7 22 1 9 
20 56 10 18 10 
21 17 9 24 11 
33 6 49 7 10 
14 22 19 21 33 
18 21 13 10 1 
14 8 7 8 9 
29 6 7 7 1 
35 5 13 7 1 
3 8 6 2 23 
32 31 9 15 14 
8 10 5 1 50 
8 24 5 24 4 
22 24 9 3 3 
11 3 7 3 13 
9 8 40 28 11 
20 29 6 4 10 
0 23 33 5 23 
31 28 10 3 14 
21 1 6 4 5 
12 34 7 60 1 
1 12 7 0 7 
46 26 3 5 1 
16 8 20 12 17 
13 13 9 2 20 
2 60 22 10 4 
1 2 2 10 2 
2 16 12 11 12 
0 14 6 3 30 
7 44 4 3 11 
45 31 1 8 79 
25 18 41 14 3 
4 27 5 5 5 
8 13 31 1 1 
9 1 12 25 4 
10 6 3 18 10 
17 23 5 20 3 
6 19 23 4 5 
0 14 1 5 31 
7 25 6 5 22 
9 33 24 2 17 
2 18 0 4 7 
10 1 2 24 25 
6 4 8 3 10 
22 4 0 30 10 
36 7 4 5 16 
1 31 9 35 41 
4 1 11 3 6 
0 25 6 2 13 
4 12 21 16 16 
5 14 27 6 8 
7 6 19 15 13 
8 27 7 49 18 
7 4 20 60 8 
2 98 3 10 2 
23 28 13 13 10 
5 57 1 3 5 
9 17 12 4 5 
4 24 1 14 18 
24 1 33 12 1 
6 27 1 11 6 
3 9 2 23 1 
14 3 66 14 6 
5 4 45 31 9 
5 3 3 6 24 
34 4 30 24 24 
50 5 12 1 23 
38 5 3 1 1 
4 22 4 3 7 
13 14 11 11 9 
1 36 12 3 4 
8 3 8 5 0 
5 7 4 29 7 
1 33 12 4 34 
17 13 12 45 19 
0 16 4 12 3 
20 19 1 6 33 
5 34 1 18 3 
1 1 10 5 47 
34 9 21 10 15 
17 6 3 5 4 
36 9 22 3 0 
0 0 13 1 7 
11 8 4 13 2 
8 24 2 0 1 
2 49 8 38 9 
2 20 17 5 1 
69 6 7 21 10 
7 31 9 1 28 
36 19 3 3 5 
5 19 0 9 15 
2 19 12 11 13 
1 26 4 23 2 
5 33 6 17 15 
32 4 8 7 4 
6 8 32 11 11 
3 44 3 4 8 
30 8 1 9 48 
16 16 17 50 8 
25 7 4 3 1 
39 3 4 7 12 
10 28 35 7 7 
9 19 4 15 34 
17 16 4 20 1 
4 12 15 50 9 
2 32 19 7 1 
26 8 3 1 22 
21 18 11 16 1 
52 4 17 4 38 
14 85 10 33 22 
14 3 4 5 2 
19 12 59 10 32 
1 9 4 4 10 
1 1 2 14 21 
3 19 0 39 35 
40 17 31 8 11 
16 2 16 53 9 
28 24 35 25 5 
25 47 14 1 3 
3 3 4 5 26 
1 14 9 1 9 
7 0 1 5 9 
14 1 12 6 0 
1 5 18 0 2 
1 36 0 16 52 
4 42 2 9 4 
0 14 18 9 13 
4 45 12 6 4 
2 0 4 17 6 
5 32 12 1 28 
17 3 17 17 28 
17 79 18 25 9 
73 36 1 18 6 
14 0 4 4 7 
11 9 6 23 2 
19 3 85 6 4 
27 1 7 11 24 
4 7 21 1 3 
5 1 1 5 22 
7 0 21 15 5 
3 5 15 11 1 
27 8 4 25 17 
10 23 19 36 6 
13 4 13 7 4 
24 23 4 27 1 
1 6 1 31 0 
6 2 4 1 17 
6 49 1 12 22 
19 3 9 10 2 
27 3 5 9 12 
12 8 5 27 4 
7 78 9 8 32 
10 32 0 20 32 
18 3 23 19 22 
14 14 41 2 1 
1 1 4 6 11 
25 83 28 2 29 
2 14 25 13 0 
20 4 24 20 71 
19 13 2 11 5 
41 5 25 31 7 
46 78 7 3 7 
62 2 6 26 4 
4 0 20 2 15 
22 41 23 13 16 
24 10 3 69 0 
10 53 4 6 28 
14 8 24 1 12 
4 2 14 12 48 
34 38 44 15 0 
13 13 29 8 3 
12 6 12 21 5 
13 8 4 24 19 
2 13 1 43 13 
16 4 15 6 25 
15 6 16 12 91 
17 5 9 12 18 
17 5 0 5 1 
5 47 6 11 21 
2 21 4 3 15 
31 45 26 11 5 
17 5 11 7 30 
11 3 2 1 21 
27 29 0 28 2 
1 4 1 7 22 
24 15 8 2 21 
2 1 15 0 13 
69 24 26 10 3 
20 2 5 30 3 
1 27 0 1 15 
2 3 27 3 12 
15 1 2 2 3 
36 7 3 13 6 
23 18 1 15 3 
4 11 5 11 7 
11 20 2 11 20 
23 24 31 15 39 
9 9 51 12 12 
2 15 29 5 3 
4 4 23 6 30 
0 18 6 6 3 
18 43 28 28 9 
15 23 3 11 8 
2 1 23 2 17 
7 7 4 5 15 
9 15 23 5 40 
18 8 11 1 17 
21 32 12 14 18 
2 7 8 5 35 
31 13 82 17 15 
17 3 46 57 9 
14 11 1 8 22 
70 4 2 10 5 
27 8 2 8 1 
29 17 6 5 45 
5 5 8 4 75 
2 0 2 2 0 
13 25 8 14 4 
4 20 8 7 4 
20 6 11 32 22 
14 30 7 0 2 
6 7 7 24 14 
7 139 13 10 2 
14 4 26 2 26 
2 10 9 11 26 
19 8 2 5 5 
41 89 1 6 0 
4 24 5 14 13 
50 1 11 12 14 
17 6 21 11 7 
15 23 22 3 5 
15 52 14 22 5 
39 27 4 0 2 
5 6 28 13 44 
9 18 0 1 4 
15 30 9 8 7 
39 3 2 18 6 
8 11 4 1 5 
12 1 1 26 1 
3 4 6 1 25 
6 17 8 6 17 
17 1 9 4 10 
39 4 14 1 48 
0 13 7 5 14 
16 42 15 18 21 
20 68 46 2 1 
23 13 15 4 30 
7 0 34 33 4 
8 37 7 2 44 
7 4 8 23 10 
2 14 6 21 5 
3 16 4 2 20 
6 70 4 1 4 
2 11 4 1 7 
10 15 4 45 18 
4 9 29 16 4 
7 33 19 20 15 
1 88 4 6 2 
0 24 2 4 23 
7 11 4 14 11 
16 4 2 41 3 
24 4 10 17 35 
21 3 18 10 41 
8 19 35 14 0 
1 21 18 3 62 
11 18 7 24 5 
58 14 9 1 10 
15 50 16 3 16 
14 1 22 6 13 
20 32 4 15 10 
4 30 3 0 1 
3 16 14 13 9 
97 18 0 9 18 
10 4 14 3 8 
6 37 8 2 4 
1 54 2 5 15 
13 16 8 24 14 
10 1 3 3 17 
16 4 5 15 18 
1 5 31 18 9 
6 2 5 22 5 
13 43 4 16 4 
33 8 23 6 3 
8 46 4 15 2 
85 9 5 5 1 
1 10 5 56 3 
21 7 5 2 3 
13 24 1 24 9 
5 27 23 2 3 
1 18 1 5 6 
4 8 16 11 16 
22 19 2 2 14 
5 44 57 12 1 
2 5 19 4 1 
4 15 25 1 18 
1 3 6 2 10 
16 8 26 7 41 
11 5 12 15 6 
4 0 4 3 14 
5 9 25 1 15 
43 8 3 22 9 
44 35 13 5 72 
2 1 6 0 8 
5 17 14 30 5 
0 3 5 4 7 
41 17 21 21 17 
8 27 1 14 13 
10 19 8 2 57 
8 7 0 21 6 
9 3 45 2 1 
4 4 3 11 9 
13 14 1 7 6 
21 39 2 24 12 
19 9 3 3 11 
3 21 26 3 10 
4 21 13 3 26 
16 12 0 29 1 
10 13 12 12 42 
66 9 23 2 4 
7 41 13 12 2 
3 33 22 1 1 
6 6 18 65 10 
13 21 89 13 13 
1 4 2 15 22 
1 21 3 30 25 
9 7 17 2 46 
28 7 21 15 7 
28 1 15 13 1 
3 5 16 3 35 
5 6 1 8 61 
31 14 14 1 8 
10 16 19 4 18 
18 3 1 10 25 
8 10 27 2 1 
35 8 5 13 11 
4 79 23 5 8 
24 5 47 9 6 
7 1 37 3 5 
15 51 7 16 9 
4 3 30 2 5 
50 2 14 4 19 
3 14 17 1 30 
3 38 2 2 7 
9 16 7 7 21 
17 2 16 2 25 
3 11 0 2 13 
5 2 16 54 7 
9 4 39 3 4 
25 9 2 44 11 
10 11 2 44 30 
37 21 63 14 28 
24 40 5 23 0 
39 3 2 14 2 
11 3 5 9 6 
13 8 17 18 5 
5 7 19 8 5 
14 9 48 13 1 
25 12 41 2 5 
64 2 8 2 21 
13 20 32 57 3 
4 17 10 0 6 
26 7 14 12 22 
44 6 3 35 38 
4 28 7 3 46 
18 4 1 3 6 
27 34 0 19 26 
3 1 8 17 1 
24 16 7 9 3 
3 11 9 7 7 
8 20 3 24 31 
2 16 1 4 23 
8 2 14 8 34 
10 21 51 42 8 
1 28 0 9 5 
4 23 19 17 2 
3 4 20 6 1 
16 14 13 20 23 
8 5 33 2 18 
25 18 7 21 13 
26 41 6 27 7 
17 3 2 8 31 
4 20 1 1 1 
2 25 12 20 12 
7 5 22 5 7 
11 4 1 52 0 
14 33 31 1 18 
5 26 26 7 4 
20 21 31 24 20 
52 0 9 11 22 
1 0 1 31 7 
8 12 11 8 9 
12 3 5 9 3 
1 31 44 30 4 
3 20 44 2 11 
18 2 10 4 17 
6 8 17 7 4 
2 37 17 14 6 
3 6 9 9 21 
17 14 12 15 9 
29 44 2 24 1 
15 16 2 3 26 
29 15 3 12 80 
8 24 26 3 8 
4 9 15 18 36 
9 12 8 1 3 
38 74 1 1 25 
2 25 7 5 61 
4 4 10 8 25 
11 45 11 7 2 
0 20 10 15 8 
8 4 35 36 5 
2 39 4 3 47 
2 9 16 10 18 
17 29 36 4 4 
21 34 3 5 5 
5 8 42 24 1 
7 7 4 5 4 
11 12 2 22 17 
2 54 1 24 9 
25 15 4 19 27 
11 15 15 18 37 
60 1 4 38 38 
6 8 4 12 17 
10 3 3 15 74 
31 31 37 0 16 
8 35 4 17 14 
2 7 3 21 1 
2 29 2 7 19 
1 28 2 5 7 
24 39 10 0 12 
11 47 7 9 40 
1 52 20 5 16 
8 11 78 14 4 
1 31 1 3 4 
24 7 1 37 15 
8 27 10 0 23 
2 15 17 10 1 
16 18 0 8 51 
17 51 7 16 13 
16 27 7 18 0 
16 16 5 18 11 
50 4 5 9 4 
2 19 21 26 3 
32 15 22 34 1 
21 19 78 3 6 
13 47 2 1 16 
2 25 4 8 10 
25 11 16 2 53 
46 7 12 19 3 
23 21 17 13 14 
22 10 4 20 15 
14 10 11 21 9 
5 68 3 11 8 
18 10 31 8 13 
30 10 31 9 3 
1 8 30 24 65 
10 19 7 21 9 
1 11 28 15 5 
6 119 4 11 12 
17 7 0 13 22 
13 14 3 10 1 
8 18 6 6 9 
7 41 2 22 18 
13 48 3 9 14 
9 39 13 17 9 
3 11 21 3 1 
13 36 12 23 7 
16 6 1 1 15 
11 12 10 15 5 
4 7 4 8 28 
29 53 18 9 16 
4 24 2 1 62 
4 19 24 26 10 
4 15 20 5 15 
8 34 2 0 11 
9 6 29 16 20 
20 17 16 9 2 
7 26 26 10 23 
26 28 8 16 15 
50 71 3 18 5 
31 5 2 1 4 
17 13 10 12 4 
5 9 24 0 34 
55 9 14 24 44 
9 22 17 43 8 
7 52 7 14 17 
16 15 37 24 14 
3 15 2 16 3 
7 0 10 4 1 
9 5 7 2 1 
7 19 21 2 13 
4 16 10 14 4 
5 8 22 3 4 
8 10 20 12 2 
50 0 2 10 5 
3 0 10 13 3 
14 1 22 7 4 
8 22 22 0 6 
1 6 17 30 11 
50 8 40 18 71 
2 25 0 4 5 
5 12 5 23 2 
9 12 3 5 38 
8 25 13 4 21 
0 8 1 18 4 
13 24 13 11 10 
14 20 4 14 44 
11 67 8 24 24 
13 7 5 22 15 
4 6 7 26 12 
3 40 35 4 15 
3 38 6 25 8 
31 13 2 2 3 
1 22 2 10 12 
57 3 30 4 62 
11 13 4 43 7 
26 3 5 20 8 
44 0 5 5 31 
19 5 7 28 8 
12 85 2 18 11 
16 25 15 11 1 
15 3 10 41 2 
49 31 4 4 13 
17 5 13 0 12 
10 27 24 35 15 
4 14 14 7 5 
3 2 1 29 17 
1 16 26 13 11 
0 18 6 4 33 
72 0 2 12 0 
18 3 20 11 2 
9 38 13 2 5 
41 8 6 0 4 
2 2 23 61 19 
7 181 6 18 5 
5 25 4 7 7 
5 4 10 2 21 
15 16 13 5 18 
40 6 1 5 5 
6 11 6 2 8 
2 15 8 9 5 
19 28 1 1 3 
9 8 6 0 9 
3 21 1 23 0 
24 28 4 31 2 
11 5 12 37 8 
1 1 69 9 12 
5 6 6 6 6 
12 36 16 54 32 
3 3 11 4 0 
13 2 21 31 1 
43 12 4 11 8 
18 19 9 16 3 
1 1 8 7 8 
23 1 5 9 0 
3 24 3 21 1 
3 10 2 0 6 
3 68 24 9 11 
5 5 3 20 48 
7 39 0 24 6 
8 20 6 19 3 
6 0 36 10 24 
54 26 4 2 21 
13 8 18 8 27 
5 25 1 9 11 
1 42 7 1 20 
20 15 7 2 6 
14 13 5 11 1 
2 15 23 7 17 
14 1 1 6 10 
37 23 4 0 4 
24 2 2 4 3 
32 1 18 5 3 
2 80 15 7 12 
21 17 2 12 0 
27 6 1 34 15 
12 37 6 24 34 
13 21 0 18 47 
4 20 0 77 0 
3 2 0 32 11 
12 22 2 16 6 
3 16 12 4 11 
4 35 7 14 17 
5 6 7 5 1 
6 16 16 6 12 
19 17 15 17 11 
4 7 4 6 1 
12 16 14 3 29 
3 12 17 12 2 
8 53 7 25 5 
10 5 27 3 14 
8 85 4 2 19 
21 9 1 1 22 
2 19 6 22 27 
4 1 5 0 15 
10 11 12 40 6 
34 11 11 20 17 
3 6 15 8 8 
8 5 22 10 5 
13 22 39 0 11 
23 7 11 2 6 
4 20 21 26 14 
2 29 1 16 13 
23 46 26 9 7 
5 64 13 2 10 
40 26 3 29 22 
19 23 2 5 30 
8 16 10 4 9 
3 9 4 4 2 
29 2 1 18 14 
8 1 12 1 3 
2 0 52 5 37 
21 2 13 29 8 
10 8 1 1 13 
10 6 0 21 12 
2 21 16 3 9 
6 17 10 41 16 
19 2 16 17 8 
14 14 10 4 8 
53 32 20 0 37 
7 15 3 7 6 
23 15 1 9 20 
10 37 6 1 25 
1 33 34 20 12 
6 10 2 29 19 
11 38 11 6 34 
10 27 8 16 3 
25 14 20 32 1 
11 11 39 36 11 
21 0 6 16 23 
56 2 4 1 153 
0 20 27 11 0 
21 2 21 4 24 
0 2 6 21 1 
8 9 9 7 6 
1 4 5 7 39 
3 10 0 7 11 
1 10 3 31 0 
4 22 1 1 63 
37 1 1 5 32 
2 26 4 13 3 
13 23 6 43 3 
5 3 12 6 12 
2 9 0 6 5 
0 17 1 2 15 
0 1 17 2 7 
14 6 2 33 43 
6 14 14 16 10 
25 1 13 7 8 
4 17 22 3 51 
2 6 11 3 7 
4 5 8 71 7 
29 18 14 1 12 
13 9 2 5 2 
13 3 2 4 13 
12 13 3 7 20 
3 16 1 18 22 
8 1 0 37 0 
7 32 14 1 29 
4 22 4 5 0 
6 76 2 10 4 
21 3 20 81 12 
11 4 2 12 46 
48 1 61 0 0 
0 10 25 14 10 
18 45 3 61 4 
4 8 4 7 32 
10 4 1 5 3 
13 43 6 20 10 
6 27 12 5 21 
13 8 3 8 1 
16 5 46 32 3 
4 3 11 9 12 
9 1 20 10 7 
0 3 4 6 48 
23 26 17 7 2 
10 1 8 16 11 
10 10 19 9 6 
0 25 9 11 4 
2 2 5 31 13 
16 46 19 0 6 
19 32 1 9 4 
3 1 5 15 19 
29 5 2 14 18 
10 20 9 1 4 
20 3 5 1 1 
48 28 68 18 22 
5 13 12 7 0 
30 18 1 3 5 
22 2 10 47 20 
5 12 7 19 11 
17 14 15 1 14 
19 1 7 18 22 
4 2 5 25 10 
6 26 2 6 55 
8 4 1 0 3 
25 6 14 4 1 
3 0 13 29 1 
4 20 2 16 8 
34 55 9 3 24 
0 15 11 2 49 
11 18 2 13 14 
5 12 33 81 22 
0 4 20 13 2 
29 45 19 0 14 
3 46 11 17 2 
7 26 17 0 39 
17 15 11 26 3 
3 4 16 2 3 
10 3 7 5 22 
10 4 16 5 3 
6 14 2 35 4 
5 8 1 0 6 
68 25 34 10 14 
2 27 23 26 35 
1 9 1 8 17 
27 76 31 11 5 
2 48 23 4 29 
2 14 3 2 12 
12 3 5 9 18 
44 21 9 20 12 
7 33 44 8 5 
16 8 4 11 40 
12 23 26 7 56 
19 14 9 50 17 
2 15 26 7 2 
12 9 20 1 3 
6 14 1 5 0 
6 1 6 12 14 
6 4 6 3 14 
6 60 3 26 41 
31 73 9 18 8 
14 9 22 7 9 
0 30 0 1 2 
1 10 3 8 1 
23 29 4 3 0 
32 13 52 1 7 
36 112 6 8 21 
23 2 2 13 10 
14 21 5 14 20 
9 24 3 14 3 
4 12 0 9 16 
0 10 3 0 10 
13 50 9 0 7 
5 32 9 7 9 
0 2 2 6 21 
37 36 9 2 11 
17 8 1 16 30 
18 25 5 40 20 
25 16 15 6 13 
1 19 7 11 2 
34 18 3 1 0 
57 1 26 9 2 
7 5 10 8 44 
7 5 16 17 3 
9 15 18 2 39 
6 6 11 21 30 
17 24 9 31 24 
10 41 24 6 7 
0 30 13 10 5 
12 63 9 5 17 
17 28 4 8 49 
4 34 4 22 15 
2 14 6 13 9 
3 4 6 1 12 
20 2 6 6 14 
16 0 12 3 5 
5 45 1 12 7 
1 33 4 5 16 
34 12 3 5 2 
16 14 5 1 14 
30 30 16 4 4 
6 60 3 41 3 
11 6 1 13 31 
9 24 17 17 1 
7 20 10 13 66 
16 7 10 0 7 
2 43 3 26 3 
8 5 2 14 3 
5 4 8 7 29 
6 45 12 2 15 
16 14 5 4 3 
5 53 9 25 48 
33 1 27 2 34 
1 14 2 3 3 
6 14 7 22 54 
5 4 29 35 5 
11 18 25 30 30 
1 5 23 11 2 
22 12 2 15 13 
1 26 2 3 62 
7 15 10 22 7 
10 3 12 7 1 
35 97 17 20 32 
13 35 2 8 8 
4 6 38 6 47 
11 11 16 17 15 
17 2 3 4 44 
13 28 1 3 3 
3 3 3 35 42 
2 15 21 4 0 
4 13 5 3 33 
4 27 6 0 10 
0 23 13 4 60 
12 39 19 16 2 
64 45 4 3 27 
3 7 7 0 12 
8 6 1 18 9 
0 1 4 6 0 
21 9 18 7 15 
18 1 10 9 20 
15 13 14 34 17 
11 3 0 44 3 
13 10 8 15 3 
42 22 3 3 1 
4 0 8 0 9 
2 25 9 16 4 
4 9 20 40 6 
9 12 8 10 9 
15 3 29 2 27 
1 2 10 5 5 
14 15 5 2 12 
22 6 5 5 0 
13 16 7 6 11 
19 42 1 4 8 
10 44 11 7 1 
8 13 2 0 25 
8 20 7 19 23 
54 16 1 5 33 
2 47 9 11 6 
1 7 3 2 12 
15 19 9 4 1 
11 24 12 14 19 
8 2 7 26 32 
3 34 8 5 3 
7 12 1 30 1 
8 63 6 14 1 
53 8 17 8 14 
25 0 6 8 17 
2 49 21 10 23 
17 26 14 3 2 
25 17 11 35 10 
14 8 9 1 1 
12 1 6 5 10 
0 4 10 6 14 
4 13 11 1 1 
7 27 23 1 60 
41 42 12 10 26 
2 4 3 12 4 
4 4 4 13 11 
22 20 17 5 1 
7 16 12 46 14 
15 8 7 9 8 
7 11 5 0 0 
3 3 3 6 21 
9 19 72 18 5 
11 15 54 4 37 
1 20 9 14 15 
2 7 0 11 26 
8 0 5 20 0 
5 94 2 10 7 
38 1 1 35 23 
6 12 6 5 21 
5 9 8 23 1 
2 0 7 2 13 
4 17 12 11 8 
13 44 7 20 9 
23 24 9 26 16 
5 5 2 15 12 
45 1 80 7 28 
1 15 27 9 18 
9 27 5 1 6 
20 24 4 3 11 
19 1 4 4 35 
43 15 2 2 5 
18 2 5 17 11 
3 31 1 1 6 
23 15 2 2 15 
9 53 6 18 2 
38 14 3 3 22 
2 3 6 4 5 
15 0 7 47 20 
41 3 11 1 4 
34 36 20 0 1 
8 13 55 25 5 
2 29 22 5 0 
13 12 3 0 20 
10 20 19 34 15 
11 39 21 2 38 
1 1 21 23 1 
25 7 12 22 3 
32 75 58 17 6 
0 8 21 3 7 
12 24 1 6 16 
17 45 11 9 1 
10 15 2 5 8 
3 3 17 22 79 
33 23 50 29 9 
5 46 23 2 2 
3 23 28 4 1 
12 76 0 2 10 
1 19 1 3 50 
10 9 2 3 4 
2 3 42 1 1 
8 10 57 4 12 
2 12 5 0 20 
7 17 18 7 20 
4 12 7 5 16 
7 36 1 9 2 
5 19 4 4 20 
6 23 3 5 76 
21 11 8 1 10 
4 12 2 0 33 
28 6 6 4 15 
1 20 9 2 3 
13 12 25 29 20 
14 5 9 23 12 
9 18 0 50 18 
10 5 3 13 4 
2 13 10 10 23 
3 17 9 17 22 
17 8 4 11 4 
1 4 9 10 1 
1 1 15 1 0 
8 18 4 14 5 
